aj_16_n1 = 1-(69.48 + (4.62*5))/90;
aj_16_n2 = 1-(67.85 + (4.62*5))/90;
aj_16_n3 = 1-(67.82 + (4.62*5))/90;
aj_16_n4 = 1-(67.19 + (4.62*5))/90;
aj_16_n5 = 1-(68.3 + (4.62*5))/90;

